6555885762898431388667198446871109025693735742627661100777523272532921198736434191656165238619989477863003329264021909959552962452822241816581041216569988164
6817415372468601336284741315284780324237592641206693382584771730642962107133810784934861764318869293528963524061407364062491562638696784757263098284533476195
2573005035583516745397693619234833124569121474671726454210436636872249045946854426384871675030677947493297974549475678249655890571371971972310626962454254644
6196747802492785658045165920467178058160939757475788438011730523828212316733362311549519997450640418232473764995053650603288376561783863967930859361833747073
2690718943676289453409515045721292689188797351370909701830970939036993383137141433897811722031775678845299584206660248059223768530278009465207522557500109732
85114127022719046168963255723192923716543483632682914142079266538146218530418138362580992656522111191094866038230414511987870312765029083719083278838894107
6266102312527955955418679336597323815005947315551521260566264263552820605376214882364412207788053227059820540489580110896244357309446531034782389523011757262
4149780507890530242381815185530601064985701178510253489120782440498726368011716353096621896806237989441949737980260162048760364859776511604047470152892884609
4498759384648984684616164667536684156922018755449937356140875894592229872729972309051644227455531793943404696224832142255331459350391399682172657185191108447
682257008835631299210486231922483541832743059994658753277257916939964221906518010883024746992855464579883837915589784347257610786253035509340659453111952820
1046394677575378033548132245804052023047525202469831779051539056364264558091751507801837287676830389988515543152587482850744267743348227936817097780079662861
5683982937958144856108452997220691101837849558215364972601860845240034113142554783336260456945181131754855453472098606011333366373877688215978941430427386982
1647506051610142109398106611632563164288490048753266486724003510205938230901004273591273061982284324203684215215877673694925368720035281533757346330592274994
1925371617915891082458467413146966901819340250254052951720350456252684264195033620919551084364373055751451662897557132639978198649973957625622838497453295338
6807606491570557816687480424319704274753524323507698195104251543091549779738471005631712966650861471316124202832657355420677528001629026693442340017072073451
6197953389156821400691301993446222812273783357978710253906680218645641077282883096390639823591258862748024997295416619574904998750275860898753382646038133606
