202
11
80
95
111
55
227
194
148
225
219
89
168
248
124
16
245
33
182
37
121
34
126
106
125
226
47
187
188
54
133
43
60
84
222
56
119
40
11
42
126
64
34
144
129
64
26
149
184
0
155
120
173
205
150
68
91
1
173
158
3
8
113
85
189
73
250
80
34
172
63
165
187
206
0
31
95
68
19
73
210
1
46
199
249
91
80
250
95
126
213
217
118
176
14
129
165
78
207
134
201
208
130
155
189
227
62
131
96
188
90
136
208
82
35
148
206
8
232
17
45
177
170
108
10
32
194
236
52
9
157
119
125
99
228
109
230
20
100
142
16
212
236
45
84
127
78
54
90
123
167
94
210
26
42
39
54
116
32
186
67
223
129
61
24
144
68
124
179
44
63
200
241
167
182
62
41
160
116
91
106
119
205
234
80
130
59
175
251
244
0
93
221
79
143
94
21
48
143
132
233
20
70
188
32
185
216
178
95
245
20
71
210
11
171
253
128
173
180
19
234
112
188
154
204
203
24
192
110
19
45
202
14
141
94
18
194
184
56
156
138
40
231
6
138
65
86
204
2
227
240
192
223
249
33
85
